3.318573
4.309468
9.676125
5.211525
5.387863
10.14519
6.382749
1.204816
2.939441
3.663014
8.672245
6.079441
6.202314
5.332048
3.332477
10.36074
6.493551
-0.8998515
7.104068
3.581626
1.796529
4.346075
1.921987
2.813326
3.124882
-0.06007993
7.513361
5.460119
1.585589
8.761445
6.279393
4.114786
7.685377
7.6344
7.464743
7.065921
6.661753
4.814265
4.082112
3.858587
2.915879
4.376248
1.203811
11.50687
8.623886
1.630674
3.791345
3.600034
7.339895
4.749893
5.759956
4.91436
4.871389
9.105807
4.322687
9.549412
0.3537416
6.753841
5.371563
5.647825
6.138918
3.49303
4.000378
1.944274
1.784626
5.910586
6.344629
5.159013
7.766802
11.15025
3.526907
-1.927507
8.017216
2.872398
2.935974
8.076714
4.145681
1.337847
5.54391
4.583326
5.017293
6.155841
3.88802
6.93313
4.33854
5.995346
8.290517
6.305544
4.022205
8.446423
7.980512
6.645191
5.716195
3.116282
9.081957
3.199221
11.562
9.597832
4.292899
1.920737
